4 14 50 18 53 3 
43 18 42 36 33 43 
2 54 57 60 50 53 
15 67 20 63 34 44 
11 34 35 11 21 14 
60 28 61 39 64 41 
21 68 29 61 29 1 
24 50 3 46 37 37 
29 37 29 44 11 67 
15 69 65 39 16 57 
67 59 22 50 62 37 
52 19 48 24 34 66 
22 2 11 26 24 9 
60 65 57 24 12 22 
37 38 29 11 13 51 
42 3 69 6 12 49 
65 46 25 50 20 18 
63 44 16 44 17 59 
61 4 33 55 40 29 
26 22 59 24 17 55 
27 68 14 2 20 28 
13 50 68 27 3 10 
58 54 39 10 43 67 
32 32 10 8 50 22 
34 58 2 20 68 64 
11 13 66 45 42 43 
53 10 63 51 67 20 
41 17 28 40 15 24 
45 54 25 51 13 47 
59 22 21 58 34 43 
12 56 47 56 27 41 
52 50 17 7 44 28 
64 68 10 67 61 4 
46 25 21 33 24 18 
29 47 12 47 48 27 
57 30 5 60 36 30 
49 42 36 44 10 8 
8 14 50 32 42 37 
47 30 13 50 29 47 
48 66 42 29 63 44 
